711908 0.5 0.4995
1274350 0.5 0.4995
3890185220 0.5 0.4995
616836990 0.5 0.2493
4181747525 0.5 0.4995
2787040531 0.5 0.4995
257513898 0.5 0.749
2850401 0.5 0.2493
204232816 0.5 0.2493
400512653 0.5 0.4995
61724549 0.5 0.2493
788644666 0.5 0.4995
3938690771 0.5 0.4995
2831075698 0.5 0.4995
294927051 0.5 0.2493
903487 0.5 0.4995
903480 0.5 0.4995
903481 0.5 0.4995
208018261 0.5 0.4995
336049897 0.5 0.2493
5782489 0.5 0.2493
5782488 0.5 0.2493
1471160547 0.5 0.2493
424231417 0.5 0.4995
903245 0.5 0.4995
257408494 0.5 0.749
257408495 0.5 0.749
368695780 0.5 0.4995
4820115870 1.0 1.0
227414144 0.5 0.4995
227414145 0.5 0.4995
226270435 0.5 0.2493
3890204889 0.5 0.4995
317468365 0.5 0.2493
2380394553 0.5 0.4995
711831 0.5 0.4995
2344000522 0.5 0.4995
38751546 0.5 0.2493
7811180 0.5 0.4995
1339700 0.5 0.4995
904758 0.5 0.4995
904209 0.5 0.4995
351627203 0.5 0.4995
660950 0.5 0.4995
3362609318 0.5 0.2493
1698375 0.5 0.4995
554321989 0.5 0.4995
2595975743 0.5 0.4995
257335951 0.5 0.749
779436544 0.5 0.4995
4373508182 0.5 0.2493
3828837 0.5 0.2493
765692 0.5 0.4995
3828835 0.5 0.2493
7777794 0.5 0.4995
2192338147 0.5 0.4995
1436377758 0.5 0.4995
257511651 0.5 0.749
118818603 0.5 0.2493
284738105 0.5 0.4995
1340153 0.5 0.2493
1093419 0.5 0.2493
1436369865 0.5 0.2493
284738102 0.5 0.2493
1340156 0.5 0.2493
655986452 0.5 0.4995
1436344094 0.5 0.4995
17504540 0.5 0.4995
30788775 0.5 0.2493
4880419286 1.0 1.0
2097438360 0.5 0.4995
1094725 0.5 0.4995
3201838557 0.5 0.4995
486805 0.5 0.4995
955961564 0.5 0.4995
1442031371 0.5 0.2493
13009126 0.5 0.2493
317510281 0.5 0.749
699830048 0.5 0.4995
317302935 0.5 0.749
317302934 0.5 0.749
227323172 0.5 0.4995
317302931 0.5 0.749
317302930 0.5 0.749
317302933 0.5 0.749
280018658 0.5 0.4995
4246114621 0.5 0.749
903486 0.5 0.4995
3349962080 0.5 0.2493
765796 0.5 0.1241
4519143834 0.5 0.4995
1341795 0.5 0.2493
6566577 0.5 0.4995
38646814 0.5 0.2493
3998905373 0.5 0.4995
3998905372 0.5 0.4995
706382 0.5 0.4995
1301715 0.5 0.4995
706380 0.5 0.4995
1301717 0.5 0.4995
3683373941 0.5 0.749
903483 0.5 0.4995
3938706287 0.5 0.4995
682808 0.5 0.4995
6566591 0.5 0.4995
227390250 0.5 0.03085
682803 0.5 0.4995
682801 0.5 0.4995
682806 0.5 0.4995
257336998 0.5 0.2493
38728361 0.5 0.2493
4252384531 0.5 0.4995
1694845875 0.5 0.749
182845308 0.5 0.2493
257336997 0.5 0.2493
2107213808 0.5 0.4995
610492276 0.5 0.1241
902637 0.5 0.4995
30271595 0.5 0.4995
4302670858 0.5 0.4995
6566977 0.5 0.4995
38737477 0.5 0.2493
765670 0.5 0.4995
1301828 0.5 0.4995
257331347 0.5 0.749
1301825 0.5 0.4995
765679 0.5 0.4995
1301820 0.5 0.4995
3502512890 0.5 0.2493
603131 0.5 0.4995
3602157820 0.5 0.4995
4478584312 0.5 0.4995
345299907 0.5 0.749
711221 0.5 0.4995
587047536 0.5 0.2493
6571331 0.5 0.4995
38643518 0.5 0.2493
4820359613 1.0 1.0
927641451 0.5 0.2493
660766 0.5 0.4995
3605330708 0.5 0.2493
635668502 0.5 0.749
257341282 0.5 0.2493
82795435 0.5 0.2493
724602 0.5 0.4995
3159564667 0.5 0.749
4820347938 1.0 1.0
1340448 0.5 0.2493
7777968 0.5 0.4995
6566601 0.5 0.4995
1333943 0.5 0.4995
1340441 0.5 0.2493
38713548 0.5 0.2493
1340445 0.5 0.2493
317808278 0.5 0.749
317808271 0.5 0.2493
317808273 0.5 0.2493
317808275 0.5 0.2493
317808274 0.5 0.2493
317808277 0.5 0.2493
32080138 0.5 0.2493
845816374 0.5 0.2493
4820361969 1.0 1.0
16918808 0.5 0.4995
336055060 0.5 0.2493
359920780 0.5 0.2493
227436327 0.5 0.4995
711597 0.5 0.4995
682480 0.5 0.4995
4246473797 0.5 0.749
422087 0.5 0.4995
422084 0.5 0.4995
1274567 0.5 0.4995
422082 0.5 0.4995
422080 0.5 0.4995
208020224 0.5 0.4995
1274569 0.5 0.4995
2055485967 0.5 0.2493
12933671 0.5 0.2493
257346556 0.5 0.749
1805914289 0.5 0.2493
257406793 0.5 0.749
4303154248 0.5 0.4995
332567934 0.5 0.4995
4820094627 1.0 1.0
6641580 0.5 0.4995
907123 0.5 0.4995
2891252310 0.5 0.2493
4478615529 0.5 0.4995
4820220191 1.0 1.0
4820186483 1.0 1.0
38731135 0.5 0.2493
46274512 0.5 0.4995
1330041606 0.5 0.4995
400452999 0.5 0.2493
3802881742 0.5 0.2493
4100274288 0.5 0.4995
2672947253 0.5 0.4995
2427692552 0.5 0.4995
294955722 0.5 0.2493
787174216 0.5 0.2493
351604724 0.5 0.4995
306867599 0.5 0.749
3416697113 0.5 0.749
1437827083 0.5 0.4995
351618628 0.5 0.4995
549338122 0.5 0.2493
344676830 0.5 0.2493
257347150 0.5 0.749
7779487 0.5 0.4995
4156739964 0.5 0.4995
1437107365 0.5 0.4995
7779488 0.5 0.4995
5793545 0.5 0.2493
3338244020 0.25 0.2498
660951 0.5 0.4995
4820365604 1.0 1.0
855173801 0.5 0.4995
333938877 0.5 0.4995
369829952 0.5 0.2493
105885020 0.5 0.4995
4478612783 0.5 0.4995
3677160712 0.5 0.4995
2577896 0.5 0.4995
2094774208 0.5 0.4995
257408790 0.5 0.749
317806589 0.5 0.749
7777797 0.5 0.4995
38655581 0.5 0.2493
84857078 0.5 0.2493
1429172637 0.5 0.4995
7777795 0.5 0.4995
3934096941 0.5 0.4995
3660609678 0.5 0.4995
1095481 0.5 0.2493
171449883 0.5 0.4995
979456 0.5 0.4995
1269577 0.5 0.4995
2851659 0.5 0.2493
257410965 0.5 0.749
257409950 0.5 0.749
930370999 0.5 0.4995
2851651 0.5 0.2493
336068549 0.5 0.2493
336068547 0.5 0.2493
257408570 0.5 0.749
317495549 0.5 0.2493
431045906 0.5 0.4995
1436329948 0.5 0.4995
351619533 0.5 0.4995
1340205 0.5 0.2493
1340206 0.5 0.2493
2107201469 0.5 0.4995
5782491 0.5 0.2493
5782496 0.5 0.2493
5782494 0.5 0.2493
603107 0.5 0.4995
1094283 0.5 0.2493
1094282 0.5 0.2493
317497797 0.5 0.749
317486514 0.5 0.749
1094825 0.5 0.4995
717333 0.5 0.4995
2432893858 0.5 0.4995
662218 0.5 0.4995
4303392046 0.5 0.4995
904769 0.5 0.4995
3890244170 0.5 0.2493
317487630 0.5 0.749
451295405 0.5 0.2493
4106118415 0.5 0.4995
38686571 0.5 0.2493
2673215120 0.5 0.4995
3602247804 0.5 0.4995
4820060839 1.0 1.0
662216 0.5 0.1241
4476330955 0.5 0.4995
1093155 0.5 0.2493
317304510 0.5 0.2493
3867931922 0.5 0.2493
317304516 0.5 0.2493
280018468 0.5 0.4995
1436466633 0.5 0.2493
124619063 0.5 0.2493
3826541 0.5 0.2493
3826540 0.5 0.2493
1094751 0.5 0.2493
280018465 0.5 0.4995
280018467 0.5 0.4995
1339600 0.5 0.4995
1339602 0.5 0.4995
4477557836 0.5 0.4995
30788774 0.5 0.2493
1339608 0.5 0.4995
4274169156 0.5 0.2493
30788541 0.5 0.2493
6567500 0.5 0.4995
351627454 0.5 0.4995
1302587 0.5 0.4995
294978761 0.5 0.2493
38692427 0.5 0.2493
1469666859 0.5 0.4995
32086648 0.5 0.2493
1436495266 0.5 0.4995
1841837 0.5 0.4995
4820389840 1.0 1.0
501421779 0.5 0.4995
1268820 0.5 0.4995
227453726 0.5 0.4995
1437360824 0.5 0.4995
283969592 0.5 0.2493
351636672 0.5 0.4995
431053017 0.5 0.2493
2890638750 0.25 0.2498
431053015 0.5 0.2493
257500619 0.5 0.2493
431053018 0.5 0.2493
711479 0.5 0.4995
929629250 0.5 0.4995
56895551 0.5 0.2493
56895550 0.5 0.2493
710950 0.5 0.4995
710951 0.5 0.4995
1272657 0.5 0.4995
1343783 0.5 0.4995
1343782 0.5 0.4995
317346551 0.5 0.749
98118163 0.5 0.4995
227436437 0.5 0.4995
336051826 0.5 0.2493
711175 0.5 0.4995
208000647 0.5 0.4995
908063 0.5 0.4995
908061 0.5 0.4995
344857907 0.5 0.749
317510280 0.5 0.749
3349754684 0.5 0.749
4820279445 1.0 1.0
2381577379 0.5 0.4995
3338287454 0.25 0.2498
1822776 0.5 0.4995
4388303 0.5 0.4995
32084123 0.5 0.2493
711218 0.5 0.4995
257406651 0.5 0.749
1450132848 0.5 0.4995
257498324 0.5 0.2493
4820235500 1.0 1.0
711629 0.5 0.4995
4820059241 1.0 1.0
1327042 0.5 0.4995
6653170 0.5 0.4995
1320016 0.5 0.4995
1320017 0.5 0.4995
1428385774 0.5 0.4995
351650087 0.5 0.4995
418572 0.5 0.4995
1320018 0.5 0.4995
418570 0.5 0.4995
2596068097 0.5 0.4995
418574 0.5 0.4995
431073067 0.5 0.4995
3339642990 0.5 0.2493
3207817516 0.5 0.4995
567608 0.5 0.4995
317302932 0.5 0.749
317808267 0.5 0.2493
317808265 0.5 0.2493
2057683155 0.5 0.2493
4820200692 1.0 1.0
448760066 0.5 0.4995
155499329 0.5 0.4995
351652775 0.5 0.4995
4820261784 1.0 1.0
1437074931 0.5 0.4995
1464042314 0.5 0.4995
7781494 0.5 0.4995
82786230 0.5 0.2493
7781490 0.5 0.4995
4820096364 1.0 1.0
7781498 0.5 0.4995
907803 0.5 0.4995
1274790482 0.5 0.2493
1760950962 0.5 0.4995
4304156939 0.5 0.4995
942456165 0.5 0.4995
1436351414 0.5 0.4995
4820097362 1.0 1.0
5069594089 0.5 0.4995
336038557 0.5 0.2493
336038551 0.5 0.2493
2424313575 0.5 0.4995
908265 0.5 0.4995
4302770815 0.5 0.4995
336038558 0.5 0.2493
336038559 0.5 0.2493
227424393 0.5 0.4995
5015675434 1.0 1.0
1275161 0.5 0.4995
336047720 0.5 0.2493
336047725 0.5 0.2493
38646813 0.5 0.2493
4820182804 1.0 1.0
4820097459 1.0 1.0
1436522802 0.5 0.4995
766862010 0.5 0.4995
6483380 0.5 0.2493
1436325693 0.5 0.4995
1274163 0.5 0.4995
3938682936 0.5 0.4995
258719092 0.5 0.2493
3890538792 0.5 0.4995
1095655 0.5 0.2493
336038484 0.5 0.2493
3539541971 0.5 0.4995
376328969 0.5 0.4995
1335636 0.5 0.2493
6955717 0.5 0.4995
681910 0.5 0.4995
681913 0.5 0.4995
7311325 0.5 0.4995
257408789 0.5 0.749
705629 0.5 0.4995
4820218075 1.0 1.0
4820023224 1.0 1.0
463298829 0.5 0.2493
318411871 0.5 0.4995
2595761030 0.5 0.4995
789114565 0.5 0.4995
655710200 0.5 0.4995
1436342823 0.5 0.4995
4820093536 1.0 1.0
4304051942 0.5 0.4995
317806269 0.5 0.749
1437266003 0.5 0.4995
4819997869 1.0 1.0
1315416 0.5 0.4995
248791373 0.5 0.4995
248791374 0.5 0.4995
248791375 0.5 0.4995
3811424885 0.5 0.749
988516 0.5 0.4995
228617434 0.5 0.2493
228617435 0.5 0.2493
988512 0.5 0.4995
978710 0.5 0.4995
317495558 0.5 0.2493
317495559 0.5 0.2493
317495552 0.5 0.2493
317495553 0.5 0.749
317495550 0.5 0.2493
317495551 0.5 0.749
317495556 0.5 0.2493
317495557 0.5 0.2493
317495554 0.5 0.749
317495555 0.5 0.2493
717306 0.5 0.4995
38655813 0.5 0.2493
219393952 0.5 0.2493
1319472894 0.5 0.2493
708535613 0.5 0.4995
2858248034 0.5 0.749
1271669 0.5 0.4995
294872323 0.5 0.2493
284794216 0.5 0.4995
228738982 0.5 0.2493
352498692 0.5 0.4995
1273130 0.5 0.4995
1273131 0.5 0.4995
766891167 0.5 0.4995
1268652 0.5 0.4995
82789743 0.5 0.2493
227399618 0.5 0.4995
766891169 0.5 0.4995
904770 0.5 0.4995
82789745 0.5 0.2493
82789744 0.5 0.2493
567335 0.5 0.4995
567336 0.5 0.4995
4820248072 1.0 1.0
38686502 0.5 0.2493
211705165 0.5 0.2493
536837968 0.5 0.4995
3890239861 0.5 0.4995
4478939572 0.5 0.4995
1777057173 0.5 0.4995
437119790 0.5 0.4995
5361768622 1.0 1.0
4873966196 1.0 1.0
226969683 0.5 0.4995
38698664 0.5 0.2493
38698665 0.5 0.2493
1274749 0.5 0.4995
13009100 0.5 0.2493
564450069 0.5 0.4995
1841803 0.5 0.4995
1335835 0.5 0.4995
280018327 0.5 0.4995
57104608 0.5 0.2493
938213862 0.5 0.4995
63690154 0.5 0.2493
317483687 0.5 0.2493
4820184999 1.0 1.0
1979665998 0.5 0.4995
295014033 0.5 0.2493
331141782 0.5 0.2493
4304076387 0.5 0.4995
4802484241 1.0 1.0
156605644 0.5 0.4995
1666667 0.5 0.4995
4820149848 1.0 1.0
1306108 0.5 0.4995
4246545035 0.5 0.749
6898788 0.5 0.4995
294772556 0.5 0.2493
1306107 0.5 0.4995
3992113875 0.5 0.4995
257500428 0.5 0.2493
257500429 0.5 0.2493
38728345 0.5 0.2493
1272665 0.5 0.4995
1272667 0.5 0.4995
4478595052 0.5 0.4995
257407461 0.5 0.749
4820076287 1.0 1.0
710941 0.5 0.4995
5015725340 1.0 1.0
207836408 0.5 0.2493
1711747605 0.5 0.2493
3437368011 0.5 0.4995
6570808 0.5 0.4995
370147506 0.5 0.4995
765657 0.5 0.4995
38676757 0.5 0.2493
3338709320 0.5 0.4995
294794493 0.5 0.2493
257803274 0.5 0.2493
294794491 0.5 0.2493
3181310997 0.5 0.4995
451283682 0.5 0.2493
351617841 0.5 0.4995
6568719 0.5 0.4995
4469221424 0.5 0.4995
2697940353 0.5 0.4995
711204 0.5 0.4995
1696749 0.5 0.4995
1340463 0.5 0.2493
317484582 0.5 0.749
6564844 0.5 0.4995
4820077486 1.0 1.0
51182158 0.5 0.4995
682391 0.5 0.4995
682396 0.5 0.4995
1899021538 0.5 0.4995
682395 0.5 0.1241
4304800196 0.5 0.4995
400360986 0.5 0.4995
294908637 0.5 0.2493
6608010 0.5 0.4995
484215981 0.5 0.4995
640687632 0.5 0.4995
351660533 0.5 0.4995
227436300 0.5 0.4995
38735583 0.5 0.2493
351660538 0.5 0.4995
2098891364 0.5 0.4995
549463692 0.5 0.4995
4820215258 1.0 1.0
4820092463 1.0 1.0
599619 0.5 0.4995
376218270 0.5 0.4995
4071761985 0.5 0.4995
4790727308 0.5 0.4995
708516498 0.5 0.4995
599610 0.5 0.4995
599614 0.5 0.4995
1809612824 0.5 0.2493
336023594 0.5 0.2493
906816 0.5 0.4995
257388748 0.5 0.749
351634289 0.5 0.4995
3313598202 0.5 0.4995
3013093000 0.5 0.4995
845968527 0.5 0.2493
4819998188 1.0 1.0
1436357100 0.5 0.4995
294901681 0.5 0.2493
4135362335 0.5 0.4995
4082990664 0.5 0.4995
2536906880 0.5 0.749
336062621 0.5 0.2493
370120947 0.5 0.4995
6569449 0.5 0.4995
6569447 0.5 0.4995
6569446 0.5 0.4995
6569445 0.5 0.4995
1268797 0.5 0.4995
3737553297 0.5 0.4995
2786988877 0.5 0.4995
430452116 0.5 0.2493
4820017998 1.0 1.0
208000392 0.5 0.4995
32085966 0.5 0.2493
4217339556 0.5 0.4995
3550359734 0.5 0.749
4820417270 1.0 1.0
1271479 0.5 0.4995
1332128 0.5 0.4995
1271474 0.5 0.4995
4802042730 1.0 1.0
16914031 0.5 0.4995
4302594773 0.5 0.4995
6565399 0.5 0.4995
1095137 0.5 0.2493
1095130 0.5 0.2493
1436303047 0.5 0.4995
1093685 0.5 0.4995
1271744 0.5 0.4995
38678359 0.5 0.2493
1194278035 0.5 0.2493
372629250 0.5 0.4995
3209192306 0.5 0.4995
38643519 0.5 0.2493
1429172657 0.5 0.4995
4303390419 0.5 0.4995
3602803706 0.5 0.2493
1436387371 0.5 0.4995
4477706993 0.5 0.4995
38662443 0.5 0.2493
3890328244 0.5 0.749
318405651 0.5 0.4995
4358118124 0.5 0.749
257409979 0.5 0.2493
257502261 0.5 0.749
2851636 0.5 0.2493
257408514 0.5 0.749
661091 0.5 0.4995
3127649712 0.5 0.2493
431045968 0.5 0.4995
257408513 0.5 0.749
3216391097 0.5 0.749
207833313 0.5 0.2493
16914018 0.5 0.4995
16914019 0.5 0.4995
978703 0.5 0.4995
734320642 0.5 0.4995
6565534 0.5 0.4995
6565532 0.5 0.4995
6565531 0.5 0.4995
6565530 0.5 0.4995
3349820792 0.5 0.2493
3668854554 0.5 0.4995
351619554 0.5 0.4995
4981321711 0.5 0.4995
717317 0.5 0.4995
717316 0.5 0.4995
717315 0.5 0.4995
717319 0.5 0.4995
1270700 0.5 0.4995
280876780 0.5 0.2493
1270702 0.5 0.4995
1270703 0.5 0.4995
82723852 0.5 0.2493
4479344476 0.5 0.4995
1094510 0.5 0.4995
30789301 0.5 0.2493
30789302 0.5 0.2493
30789303 0.5 0.2493
2433597659 0.5 0.4995
38751606 0.5 0.2493
2292227430 0.5 0.2493
1274843 0.5 0.4995
1274841 0.5 0.4995
1274844 0.5 0.4995
351662796 0.5 0.4995
1094777 0.5 0.2493
284751007 0.5 0.4995
1094772 0.5 0.2493
257337123 0.5 0.749
257337122 0.5 0.749
257337124 0.5 0.749
216841516 0.5 0.4995
789362157 0.5 0.4995
5532418087 0.5 0.4995
4824432155 1.0 1.0
294978749 0.5 0.2493
351627478 0.5 0.4995
2887657040 0.5 0.4995
227410339 0.5 0.4995
6595378 0.5 0.4995
6595379 0.5 0.4995
294978747 0.5 0.2493
351627471 0.5 0.4995
2887934856 0.5 0.4995
1438195245 0.5 0.4995
4820135318 1.0 1.0
431052920 0.5 0.4995
1340692 0.5 0.2493
4820107181 1.0 1.0
1918728792 0.5 0.4995
3625565251 0.5 0.749
227448576 0.5 0.4995
797580909 0.5 0.4995
4802905544 1.0 1.0
705826 0.5 0.4995
336021526 0.5 0.2493
705824 0.5 0.4995
705825 0.5 0.4995
257348767 0.5 0.749
902903 0.5 0.4995
336021521 0.5 0.2493
705821 0.5 0.4995
317487770 0.5 0.749
317487773 0.5 0.749
5788964 0.5 0.2493
1436350303 0.5 0.4995
336021529 0.5 0.2493
336021528 0.5 0.2493
565057245 0.5 0.4995
294933859 0.5 0.2493
351664243 0.5 0.4995
11230607 0.5 0.4995
3338292900 0.25 0.2498
336021541 0.5 0.2493
336021540 0.5 0.2493
430449649 0.5 0.4995
1436490889 0.5 0.4995
227419443 0.5 0.4995
6567412 0.5 0.4995
778737698 0.5 0.4995
317497838 0.5 0.749
317497837 0.5 0.749
1343766 0.5 0.2493
317497834 0.5 0.749
317304982 0.5 0.2493
317304983 0.5 0.2493
317497831 0.5 0.749
171434905 0.5 0.4995
3457014912 0.5 0.4995
1093204 0.5 0.2493
1093205 0.5 0.2493
1093207 0.5 0.2493
4246468145 0.5 0.749
38676744 0.5 0.2493
1093202 0.5 0.2493
257396075 0.5 0.749
1093209 0.5 0.4995
2197239228 0.5 0.4995
3349173795 0.5 0.2493
4820358249 1.0 1.0
38643521 0.5 0.2493
38643520 0.5 0.2493
4820030571 1.0 0.5
336033796 0.5 0.2493
1273938 0.5 0.4995
294994569 0.5 0.2493
294994568 0.5 0.2493
318350764 0.5 0.2493
317808276 0.5 0.2493
1273937 0.5 0.4995
2442270687 0.5 0.2493
318350763 0.5 0.2493
5655258253 0.5 0.4995
934379522 0.5 0.4995
1440693665 0.5 0.2493
177525249 0.5 0.4995
359920785 0.5 0.2493
4820854636 1.0 1.0
4802885186 1.0 1.0
4303419968 0.5 0.4995
63619846 0.5 0.2493
4820110437 1.0 1.0
4820110436 1.0 1.0
4820110435 1.0 1.0
294862240 0.5 0.2493
1697746 0.5 0.4995
1697745 0.5 0.4995
38650982 0.5 0.2493
13010155 0.5 0.2493
13010154 0.5 0.2493
294908869 0.5 0.2493
336072001 0.5 0.2493
3338490772 0.5 0.4995
567599 0.5 0.4995
317346626 0.5 0.749
854092856 0.5 0.4995
38660230 0.5 0.2493
4246114313 0.5 0.749
317808394 0.5 0.749
38748753 0.5 0.2493
317346628 0.5 0.749
411055524 0.5 0.2493
772444032 0.5 0.4995
4476657883 0.5 0.4995
1215174106 0.5 0.4995
38674122 0.5 0.2493
4802143174 1.0 1.0
1828861 0.5 0.4995
4820391160 1.0 1.0
2107708808 0.5 0.4995
294963314 0.5 0.2493
317477828 0.5 0.749
317477829 0.5 0.749
294963310 0.5 0.2493
294963312 0.5 0.2493
155314514 0.5 0.4995
317477820 0.5 0.749
906372 0.5 0.4995
6567878 0.5 0.4995
317477827 0.5 0.749
906376 0.5 0.4995
4802506090 1.0 1.0
4802506091 1.0 1.0
3231166369 0.5 0.2493
4820095497 1.0 1.0
711419 0.5 0.4995
711416 0.5 0.4995
711417 0.5 0.4995
711414 0.5 0.4995
711415 0.5 0.4995
6568109 0.5 0.4995
6568108 0.5 0.4995
4479533166 0.5 0.4995
336047702 0.5 0.2493
336047701 0.5 0.2493
294772485 0.5 0.2493
336047708 0.5 0.2493
317330962 0.5 0.749
351619784 0.5 0.4995
97922052 0.5 0.2493
2544369572 0.5 0.2493
765828 0.5 0.4995
97922056 0.5 0.4995
317301773 0.5 0.2493
38736850 0.5 0.2493
257390619 0.5 0.2493
1340505 0.5 0.2493
1271465 0.5 0.4995
268222026 0.5 0.2493
6955737 0.5 0.4995
379072972 0.5 0.749
6955738 0.5 0.4995
384601507 0.5 0.4995
3931792768 0.5 0.4995
288908994 0.5 0.2493
4802885329 1.0 1.0
1331993 0.5 0.4995
1331994 0.5 0.4995
4478563006 0.5 0.4995
3571700224 0.5 0.4995
1094188 0.5 0.4995
1094189 0.5 0.2493
937908258 0.5 0.4995
662208 0.5 0.4995
662206 0.5 0.4995
662207 0.5 0.4995
662205 0.5 0.4995
662202 0.5 0.4995
662203 0.5 0.4995
1673659 0.5 0.4995
346896881 0.5 0.749
1439993858 0.5 0.4995
257503386 0.5 0.749
257503387 0.5 0.749
257499227 0.5 0.2493
1726344071 0.5 0.2493
257503381 0.5 0.749
1268582 0.5 0.4995
294847188 0.5 0.2493
294847189 0.5 0.2493
317486499 0.5 0.749
317486498 0.5 0.749
294847182 0.5 0.2493
1269235 0.5 0.4995
294847185 0.5 0.2493
1269230 0.5 0.4995
336074406 0.5 0.2493
7776486 0.5 0.4995
257347032 0.5 0.749
257347033 0.5 0.749
1271640 0.5 0.2493
705618 0.5 0.4995
317330981 0.5 0.2493
317330980 0.5 0.2493
854750805 0.5 0.4995
1340276 0.5 0.2493
197863089 0.5 0.4995
32084682 0.5 0.2493
288814610 0.5 0.2493
38712511 0.5 0.2493
351651892 0.5 0.4995
305368998 0.5 0.2493
1340344 0.5 0.2493
1479041828 0.5 0.4995
257405113 0.5 0.2493
10471702 0.5 0.4995
990695003 0.5 0.4995
317468386 0.5 0.2493
4820285633 1.0 1.0
46277381 0.5 0.4995
17504053 0.5 0.4995
17504054 0.5 0.4995
17504055 0.5 0.4995
317471765 0.5 0.749
317471764 0.5 0.749
793221650 0.5 0.4995
839322051 0.5 0.4995
38659479 0.5 0.2493
400426622 0.5 0.2493
1437333750 0.5 0.2493
3625978748 0.5 0.4995
400426648 0.5 0.2493
336073983 0.5 0.2493
257505386 0.5 0.749
257505387 0.5 0.749
336073987 0.5 0.2493
4802122622 1.0 1.0
38769617 0.5 0.2493
766873231 0.5 0.4995
1267344 0.5 0.4995
2851449 0.5 0.2493
1267346 0.5 0.4995
207916233 0.5 0.4995
1270513 0.5 0.4995
1270512 0.5 0.4995
1270517 0.5 0.4995
257348773 0.5 0.749
1270519 0.5 0.4995
1270518 0.5 0.4995
1436548834 0.5 0.4995
257500408 0.5 0.2493
905119 0.5 0.4995
47970830 0.5 0.2493
1272603 0.5 0.4995
1272602 0.5 0.4995
1272601 0.5 0.4995
1272600 0.5 0.4995
1272605 0.5 0.4995
1272604 0.5 0.4995
288944618 0.5 0.2493
1301866 0.5 0.4995
1301865 0.5 0.4995
4469913217 0.5 0.4995
336051818 0.5 0.2493
288944617 0.5 0.2493
288944616 0.5 0.2493
3324531985 0.5 0.749
6566938 0.5 0.4995
6566939 0.5 0.4995
6566397 0.5 0.4995
6566394 0.5 0.4995
6566931 0.5 0.4995
6566420 0.5 0.4995
6566421 0.5 0.4995
6566422 0.5 0.4995
854212252 0.5 0.4995
1436521108 0.5 0.4995
284783798 0.5 0.4995
3938696188 0.5 0.4995
4304754522 0.5 0.4995
294894819 0.5 0.2493
32056127 0.5 0.2493
32056126 0.5 0.2493
3242683686 0.5 0.749
369001592 0.5 0.4995
32056129 0.5 0.2493
32056128 0.5 0.2493
4820075950 1.0 1.0
336026127 0.5 0.2493
1272001 0.5 0.4995
599637 0.5 0.4995
599632 0.5 0.4995
4302675801 0.5 0.4995
1271008 0.5 0.4995
1273891 0.5 0.4995
257406757 0.5 0.749
2850251 0.5 0.2493
257406758 0.5 0.749
32077419 0.5 0.2493
3453089830 0.25 0.2498
4820094660 1.0 1.0
332567972 0.5 0.4995
8055128 0.5 0.4995
294771572 0.5 0.2493
400453826 0.5 0.2493
4820061208 1.0 1.0
3938705269 0.5 0.4995
854237645 0.5 0.4995
3418895532 0.5 0.749
317485915 0.5 0.2493
4802141828 1.0 1.0
491752408 0.5 0.749
1436369336 0.5 0.4995
7778111 0.5 0.4995
495767 0.5 0.4995
32007941 0.5 0.2493
1437000476 0.5 0.4995
37368520 0.5 0.4995
4820028588 1.0 1.0
2189162353 0.5 0.4995
317330974 0.5 0.2493
336047573 0.5 0.2493
699903095 0.5 0.4995
708493880 0.5 0.4995
317330973 0.5 0.2493
4302222457 0.5 0.4995
317330979 0.5 0.2493
352104882 0.5 0.4995
82771227 0.5 0.2493
82771226 0.5 0.2493
381381 0.5 0.4995
376328589 0.5 0.4995
2113621362 0.5 0.4995
82771228 0.5 0.2493
336038455 0.5 0.2493
284746377 0.5 0.4995
332422683 0.5 0.2493
6640653 0.5 0.4995
4132907989 0.5 0.4995
38731626 0.5 0.2493
6596396 0.5 0.4995
484206044 0.5 0.4995
1315047 0.5 0.4995
1315046 0.5 0.4995
1315048 0.5 0.4995
491535339 0.5 0.2493
351622718 0.5 0.4995
4820060403 1.0 1.0
3915101447 0.5 0.4995
2357740999 0.5 0.749
659894462 0.5 0.2493
1270031 0.5 0.4995
3870858 0.5 0.2493
5015656043 1.0 1.0
1303327 0.5 0.4995
1303326 0.5 0.4995
631956 0.5 0.4995
631954 0.5 0.4995
1094372 0.5 0.4995
1438508724 0.5 0.4995
711624 0.5 0.4995
4088925518 0.5 0.4995
3338170129 0.5 0.4995
1335573 0.5 0.4995
4479131725 0.5 0.4995
288806451 0.5 0.2493
288806456 0.5 0.2493
1335576 0.5 0.4995
854245255 0.5 0.4995
5771524 0.5 0.2493
257337514 0.5 0.2493
3539631232 0.5 0.4995
1436795087 0.5 0.2493
4802146470 1.0 1.0
1855485 0.5 0.4995
6565511 0.5 0.4995
38673130 0.5 0.2493
4364486832 0.5 0.4995
6565512 0.5 0.4995
6565515 0.5 0.4995
317478945 0.5 0.749
6565516 0.5 0.4995
6565518 0.5 0.4995
3829428 0.5 0.2493
1340249 0.5 0.2493
3717718553 0.5 0.4995
5793653 0.5 0.2493
1094576 0.5 0.2493
5782217 0.5 0.2493
1436490183 0.5 0.4995
32062422 0.5 0.2493
400496309 0.5 0.4995
1436523415 0.5 0.4995
1390812899 0.25 0.2498
1332109 0.5 0.4995
30789324 0.5 0.2493
854205897 0.5 0.4995
294963297 0.5 0.2493
5784322 0.5 0.2493
2854214373 0.5 0.4995
1199483113 0.5 0.4995
351637981 0.5 0.4995
3811519569 0.5 0.4995
317468397 0.5 0.2493
294847089 0.5 0.2493
4246455252 0.5 0.749
904773 0.5 0.4995
412178385 0.5 0.749
1338596 0.5 0.4995
6608011 0.5 0.4995
1338594 0.5 0.4995
1338595 0.5 0.4995
1338593 0.5 0.4995
1338590 0.5 0.4995
2894014283 0.5 0.4995
2420929961 0.5 0.4995
3384251234 0.5 0.4995
4089661277 0.5 0.4995
1912218991 0.5 0.2493
5782509 0.5 0.2493
376229315 0.5 0.4995
16914032 0.5 0.4995
16914033 0.5 0.4995
974254 0.5 0.4995
16914037 0.5 0.4995
16914034 0.5 0.4995
16914035 0.5 0.4995
6608638 0.5 0.4995
1390915544 0.25 0.2498
515759155 0.5 0.4995
63693701 0.5 0.1241
2990442352 0.5 0.4995
1273074 0.5 0.4995
613875734 0.5 0.4995
904638 0.5 0.4995
1429161589 0.5 0.4995
228617356 0.5 0.2493
228617354 0.5 0.2493
354454093 0.5 0.4995
1390870425 0.25 0.2498
371617923 0.5 0.4995
38649395 0.5 0.2493
38649396 0.5 0.2493
336021545 0.5 0.2493
336021546 0.5 0.2493
6566701 0.5 0.4995
431035538 0.5 0.4995
336021543 0.5 0.2493
646426969 0.5 0.4995
1436808073 0.5 0.4995
1302498 0.5 0.4995
905328 0.5 0.4995
8053154 0.5 0.4995
257329852 0.5 0.749
1302490 0.5 0.2493
1094729 0.5 0.4995
1302497 0.5 0.4995
491785654 0.5 0.749
38660232 0.5 0.2493
38660233 0.5 0.2493
1339089 0.5 0.4995
38660231 0.5 0.2493
778602858 0.5 0.2493
6567472 0.5 0.4995
6567473 0.5 0.4995
6567474 0.5 0.4995
904981 0.5 0.4995
904982 0.5 0.4995
257335912 0.5 0.749
4820076013 1.0 1.0
280018283 0.5 0.4995
38753669 0.5 0.2493
280018287 0.5 0.2493
4121707022 0.5 0.4995
1436560621 0.5 0.2493
1458705361 0.5 0.4995
602943 0.5 0.4995
38712510 0.5 0.2493
207929287 0.5 0.4995
207929288 0.5 0.4995
30788583 0.5 0.2493
30788582 0.5 0.2493
30788584 0.5 0.2493
30788586 0.5 0.2493
336051771 0.5 0.2493
257331022 0.5 0.749
294986436 0.5 0.2493
38691068 0.5 0.2493
13009313 0.5 0.2493
4802086681 1.0 1.0
104696537 0.5 0.4995
32054995 0.5 0.2493
257338292 0.5 0.749
257338293 0.5 0.749
6607987 0.5 0.4995
6607982 0.5 0.4995
451268260 0.5 0.2493
2096989215 0.5 0.4995
351650774 0.5 0.4995
431039621 0.5 0.2493
6567274 0.5 0.4995
351650772 0.5 0.4995
2274495700 0.5 0.2493
6567617 0.5 0.4995
430388230 0.5 0.4995
4820800769 1.0 1.0
402179449 0.5 0.2493
4155954928 0.5 0.2493
8055066 0.5 0.4995
599623 0.5 0.4995
82755268 0.5 0.2493
790039925 0.5 0.4995
2538155 0.5 0.4995
329272891 0.5 0.4995
5976500640 0.5 0.4995
227441183 0.5 0.4995
4820221388 1.0 1.0
1275026 0.5 0.4995
1275025 0.5 0.4995
277433550 0.5 0.2493
990619625 0.5 0.4995
4802517766 1.0 1.0
38670621 0.5 0.2493
38670622 0.5 0.2493
3232617906 0.5 0.749
642126091 0.5 0.4995
431073205 0.5 0.4995
431073204 0.5 0.4995
4820315682 1.0 1.0
431073200 0.5 0.4995
353718034 0.5 0.4995
4479011383 0.5 0.4995
359917080 0.5 0.2493
7111391 0.5 0.4995
5774813 0.5 0.2493
5774811 0.5 0.2493
16917446 0.5 0.2493
6567859 0.5 0.4995
431072912 0.5 0.4995
3631404893 0.25 0.2498
6567854 0.5 0.4995
257502011 0.5 0.2493
6567853 0.5 0.4995
6567850 0.5 0.4995
6567851 0.5 0.4995
6648757 0.5 0.4995
6648756 0.5 0.4995
6648755 0.5 0.4995
6648754 0.5 0.4995
6648753 0.5 0.4995
6648752 0.5 0.4995
6648751 0.5 0.4995
3391048157 0.5 0.2493
38735628 0.5 0.2493
336048012 0.5 0.2493
711435 0.5 0.4995
336048011 0.5 0.2493
351638129 0.5 0.4995
705828 0.5 0.4995
351662111 0.5 0.4995
38656471 0.5 0.2493
2852246 0.5 0.2493
2595888969 0.5 0.4995
317488418 0.5 0.749
61 0.5 0.2493
323143789 0.5 0.749
1436347331 0.5 0.4995
4820025514 1.0 1.0
381371 0.5 0.4995
63609233 0.5 0.2493
353712197 0.5 0.4995
902658 0.5 0.4995
6658181 0.5 0.4995
3660048682 0.5 0.4995
8055700 0.5 0.4995
38678051 0.5 0.2493
3853067740 0.5 0.4995
257346652 0.5 0.749
257346655 0.5 0.749
257346654 0.5 0.2493
549437277 0.5 0.4995
4802491044 1.0 1.0
6565347 0.5 0.4995
2433205173 0.5 0.2493
317489978 0.5 0.749
2357644740 0.5 0.4995
258716692 0.5 0.4995
288787745 0.5 0.2493
662228 0.5 0.4995
2110421459 0.5 0.2493
336039641 0.5 0.2493
672218 0.5 0.4995
778601926 0.5 0.4995
662221 0.5 0.4995
1436304298 0.5 0.4995
672217 0.5 0.4995
97923402 0.5 0.4995
662226 0.5 0.4995
672213 0.5 0.4995
1274293 0.5 0.4995
1274291 0.5 0.4995
308402732 0.5 0.749
4181692908 0.5 0.4995
3915808921 0.5 0.4995
631945 0.5 0.4995
16918684 0.5 0.4995
1274298 0.5 0.4995
257499200 0.5 0.2493
1338901 0.5 0.4995
2097406836 0.5 0.4995
16918683 0.5 0.4995
4195708987 0.5 0.2493
2006576542 0.5 0.4995
294772044 0.5 0.2493
3349203058 0.5 0.4995
3584815367 0.5 0.749
363428200 0.5 0.749
334006408 0.5 0.2493
226005420 0.5 0.4995
294772043 0.5 0.2493
216968124 0.5 0.4995
3890245122 0.5 0.4995
979116 0.5 0.4995
1273710 0.5 0.4995
2055351239 0.5 0.2493
257347018 0.5 0.749
705636 0.5 0.4995
1094092 0.5 0.2493
705633 0.5 0.4995
10486091 0.5 0.4995
351641904 0.5 0.4995
1094099 0.5 0.2493
329253778 0.5 0.4995
351641902 0.5 0.4995
705638 0.5 0.1241
4303269227 0.5 0.4995
4820157251 1.0 1.0
336038663 0.5 0.2493
1095307 0.5 0.2493
82792165 0.5 0.2493
1698315 0.5 0.4995
3890573873 0.5 0.4995
854272886 0.5 0.4995
1094899 0.5 0.2493
2197690978 0.5 0.4995
1341445 0.5 0.2493
3688479450 0.5 0.4995
4820095917 1.0 1.0
430388843 0.5 0.4995
410058079 0.5 0.2493
17504073 0.5 0.4995
902845 0.5 0.4995
653445 0.5 0.4995
1437333880 0.5 0.4995
4514771831 0.5 0.4995
3933681829 0.5 0.4995
908437 0.5 0.4995
2854245516 0.5 0.4995
17862858 0.5 0.2493
717293 0.5 0.4995
347836911 0.5 0.2493
1094415 0.5 0.2493
6609002 0.5 0.4995
1273081 0.5 0.4995
30789424 0.5 0.2493
908184 0.5 0.4995
908187 0.5 0.4995
704503162 0.5 0.4995
908189 0.5 0.4995
711981 0.5 0.4995
368690889 0.5 0.4995
2248361096 0.5 0.4995
711985 0.5 0.4995
711987 0.5 0.4995
1272592 0.5 0.4995
1272043 0.5 0.4995
1272042 0.5 0.4995
1272597 0.5 0.4995
1272044 0.5 0.4995
1272595 0.5 0.4995
4820201016 1.0 1.0
3767355950 0.5 0.2493
4820218016 1.0 1.0
4302737021 0.5 0.4995
317504857 0.5 0.749
3772332687 0.5 0.2493
257501848 0.5 0.2493
708566975 0.5 0.4995
1270574 0.5 0.4995
2197862016 0.5 0.4995
6608513 0.5 0.4995
6608512 0.5 0.4995
6608514 0.5 0.4995
97966889 0.5 0.4995
6608516 0.5 0.4995
227418948 0.5 0.4995
336074027 0.5 0.2493
4802474338 1.0 1.0
1436476935 0.5 0.4995
38667201 0.5 0.2493
207836449 0.5 0.2493
6567448 0.5 0.4995
3738830912 0.5 0.4995
1301792 0.5 0.4995
351638428 0.5 0.4995
711184 0.5 0.4995
2515484324 0.5 0.4995
4477517044 0.5 0.4995
765613 0.5 0.1241
4802885948 1.0 1.0
288963057 0.5 0.2493
3849771465 0.5 0.4995
765616 0.5 0.4995
765615 0.5 0.4995
294816706 0.5 0.2493
765618 0.5 0.4995
288944633 0.5 0.2493
288944632 0.5 0.2493
294816703 0.5 0.2493
322055062 0.5 0.2493
227428503 0.5 0.4995
227428502 0.5 0.4995
3829942 0.5 0.2493
4802904615 1.0 1.0
4055708596 0.5 0.4995
6912420 0.5 0.4995
3852957575 0.5 0.4995
1429191803 0.5 0.4995
167674968 0.5 0.4995
182848115 0.5 0.2493
2097248986 0.5 0.4995
1439722967 0.5 0.4995
318406889 0.5 0.4995
257337115 0.5 0.749
696935762 0.5 0.4995
2671870240 0.5 0.749
3210567694 0.5 0.749
418708 0.5 0.4995
1429195363 0.5 0.4995
3827804 0.5 0.2493
400709656 0.5 0.4995
3827809 0.5 0.2493
8055078 0.5 0.4995
1429193400 0.5 0.4995
16918865 0.5 0.4995
97957590 0.5 0.4995
16918861 0.5 0.2493
6658177 0.5 0.4995
930379943 0.5 0.4995
1436305713 0.5 0.4995
717331 0.5 0.4995
1271021 0.5 0.4995
97957843 0.5 0.4995
30270662 0.5 0.4995
257388709 0.5 0.749
3739590710 0.5 0.4995
257406771 0.5 0.749
4820094644 1.0 1.0
370137759 0.5 0.2493
124590076 0.5 0.2493
128120461 0.5 0.2493
4820453791 1.0 1.0
294771559 0.5 0.2493
294771558 0.5 0.2493
294771557 0.5 0.2493
294771556 0.5 0.2493
346901491 0.5 0.749
344839454 0.5 0.1241
1436371715 0.5 0.4995
3351473350 0.5 0.4995
684603138 0.5 0.4995
208018577 0.5 0.1241
317808364 0.5 0.749
2886711045 0.5 0.4995
294493005 0.5 0.2493
4134904838 0.5 0.2493
2594980003 0.5 0.4995
514996 0.5 0.4995
3349155108 0.5 0.4995
660394 0.5 0.4995
231521724 0.5 0.2493
599760 0.5 0.4995
333295995 0.5 0.2493
31031413 0.5 0.2493
4820058969 1.0 1.0
2274817265 0.5 0.2493
418926560 0.5 0.4995
4153336080 0.5 0.2493
3431823797 0.5 0.749
5792787 0.5 0.2493
564469055 0.5 0.2493
336047519 0.5 0.2493
1095170 0.5 0.2493
4820073834 1.0 1.0
1095174 0.5 0.2493
4469949093 0.5 0.4995
1095176 0.5 0.4995
1095177 0.5 0.4995
1095179 0.5 0.2493
257495894 0.5 0.2493
3251992992 0.5 0.2493
257495892 0.5 0.2493
368685202 0.5 0.4995
257495890 0.5 0.2493
257495891 0.5 0.2493
1270371 0.5 0.4995
1270372 0.5 0.4995
520535573 0.5 0.4995
711514 0.5 0.4995
351621284 0.5 0.4995
351621283 0.5 0.4995
682409 0.5 0.4995
1233438 0.5 0.4995
9800448 0.5 0.2493
3938748659 0.5 0.2493
400510152 0.5 0.4995
2291054400 0.5 0.2493
3990605086 0.5 0.4995
4820095517 1.0 1.0
6568265 0.5 0.4995
1437344689 0.5 0.2493
2197486180 0.5 0.2493
6565375 0.5 0.4995
372629563 0.5 0.4995
1436491838 0.5 0.4995
317278314 0.5 0.2493
294901260 0.5 0.2493
6565346 0.5 0.4995
317472220 0.5 0.749
717269 0.5 0.4995
257495090 0.5 0.749
4820139381 1.0 1.0
717260 0.5 0.4995
717267 0.5 0.4995
1271583 0.5 0.4995
16918671 0.5 0.4995
32084544 0.5 0.2493
359917079 0.5 0.2493
1269089 0.5 0.4995
257409939 0.5 0.749
1436312107 0.5 0.4995
1732414902 0.5 0.2493
30787962 0.5 0.2493
257409935 0.5 0.749
3938710085 0.5 0.4995
97923391 0.5 0.4995
2055671156 0.5 0.2493
4819998329 1.0 1.0
1323195 0.5 0.4995
1331892 0.5 0.4995
351637852 0.5 0.4995
317508379 0.5 0.749
618821851 0.5 0.749
2852051 0.5 0.2493
16915984 0.5 0.4995
16915987 0.5 0.4995
16915986 0.5 0.4995
16915980 0.5 0.4995
16915983 0.5 0.4995
16915982 0.5 0.4995
376240447 0.5 0.4995
903232 0.5 0.4995
376240445 0.5 0.4995
903237 0.5 0.4995
903236 0.5 0.4995
903235 0.5 0.4995
317486577 0.5 0.2493
1094559 0.5 0.2493
1094229 0.5 0.2493
1094228 0.5 0.2493
1094227 0.5 0.4995
1094554 0.5 0.2493
2699155378 0.5 0.4995
1094553 0.5 0.4995
1332338 0.5 0.4995
1320448899 0.5 0.4995
294902000 0.5 0.2493
2111070911 0.5 0.4995
105833151 0.5 0.2493
400427120 0.5 0.2493
1332336 0.5 0.4995
216961018 0.5 0.4995
3689273650 0.5 0.4995
257347123 0.5 0.749
3828846 0.5 0.2493
38709565 0.5 0.2493
38709566 0.5 0.2493
2850408 0.5 0.2493
410753191 0.5 0.2493
2698807643 0.5 0.4995
294880060 0.5 0.2493
2764441860 0.5 0.4995
207925075 0.5 0.4995
1338868 0.5 0.4995
1093751844 0.5 0.749
294871456 0.5 0.2493
294871455 0.5 0.2493
294871454 0.5 0.2493
294871453 0.5 0.2493
2817979545 0.5 0.4995
156803212 0.5 0.2493
1094369 0.5 0.2493
1094137 0.5 0.4995
155395763 0.5 0.2493
4820152582 1.0 1.0
336053871 0.5 0.2493
4802518166 1.0 1.0
4047690297 0.5 0.4995
125627111 0.5 0.2493
294955043 0.5 0.2493
294955042 0.5 0.2493
227456339 0.5 0.4995
4802492155 1.0 1.0
631949 0.5 0.4995
337885583 0.5 0.2493
17014405 0.5 0.4995
38647037 0.5 0.2493
4302097368 0.5 0.4995
38647036 0.5 0.2493
4478641660 0.5 0.4995
38691506 0.5 0.2493
4867745523 1.0 1.0
638375 0.5 0.4995
1335130 0.5 0.2493
16918687 0.5 0.4995
4478414057 0.5 0.4995
290868679 0.5 0.4995
1672990 0.5 0.4995
1436683724 0.5 0.2493
1436487910 0.5 0.4995
930569961 0.5 0.4995
82756233 0.5 0.2493
1271115 0.5 0.4995
82756231 0.5 0.2493
82756230 0.5 0.2493
317470592 0.5 0.749
317470591 0.5 0.9678
82756234 0.5 0.2493
276675886 0.5 0.2493
38698948 0.5 0.2493
348423212 0.5 0.4995
227438671 0.5 0.4995
294771764 0.5 0.2493
478267660 0.5 0.4995
3725143539 0.5 0.4995
2159964912 0.5 0.1241
418923855 0.5 0.4995
3914729732 0.5 0.4995
2197178548 0.5 0.4995
1093248 0.5 0.2493
3306364932 0.5 0.749
1390865008 0.25 0.2498
438722692 0.5 0.2493
4304060037 0.5 0.4995
4820155939 1.0 1.0
3349158533 0.5 0.4995
2787065065 0.5 0.4995
1093247 0.5 0.4995
766663 0.5 0.4995
766665 0.5 0.4995
766664 0.5 0.4995
2637257586 0.5 0.2493
16908989 0.5 0.2493
16908988 0.5 0.2493
294771499 0.5 0.2493
3129523582 0.5 0.4995
4478882607 0.5 0.4995
35625929 0.5 0.4995
1331835 0.5 0.4995
2787048277 0.5 0.4995
38693395 0.5 0.2493
1269903 0.5 0.4995
4156322293 0.5 0.4995
30787959 0.5 0.2493
4820097855 1.0 1.0
3299641544 0.5 0.4995
351634307 0.5 0.4995
906113 0.5 0.4995
351634303 0.5 0.4995
3453254128 0.25 0.2498
217519477 0.5 0.4995
3351129364 0.5 0.4995
3894581415 0.5 0.4995
38675387 0.5 0.2493
567596 0.5 0.4995
258777854 0.5 0.4995
231615899 0.5 0.2493
4302623190 0.5 0.4995
2055631589 0.5 0.2493
704532499 0.5 0.4995
6 0.5 0.2493
1340528 0.5 0.2493
1340529 0.5 0.4995
182172227 0.5 0.4995
199061027 0.5 0.2493
38714395 0.5 0.2493
38675123 0.5 0.2493
257502033 0.5 0.2493
32088311 0.5 0.2493
1275109 0.5 0.4995
711457 0.5 0.4995
257502035 0.5 0.2493
257502034 0.5 0.749
3829155 0.5 0.2493
711459 0.5 0.4995
2596362793 0.5 0.4995
7781389 0.5 0.4995
2697759173 0.5 0.4995
1094091 0.5 0.2493
226006676 0.5 0.4995
7781386 0.5 0.4995
3605370291 0.5 0.4995
305387617 0.5 0.2493
305387614 0.5 0.2493
305387612 0.5 0.2493
305387613 0.5 0.2493
305387610 0.5 0.2493
305387611 0.5 0.2493
351638108 0.5 0.4995
537747028 0.5 0.4995
567626 0.5 0.4995
567624 0.5 0.4995
305387619 0.5 0.2493
2994651170 0.5 0.4995
616296905 0.5 0.2493
4303355108 0.5 0.4995
2197516923 0.5 0.4995
1602373874 0.5 0.4995
4246084468 0.5 0.749
3878549641 0.5 0.2493
6565507 0.5 0.4995
855788961 0.5 0.4995
227436554 0.5 0.4995
4820110704 1.0 1.0
227436553 0.5 0.4995
3814094962 0.5 0.4995
766876 0.5 0.4995
421593 0.5 0.4995
421592 0.5 0.4995
376241275 0.5 0.4995
8060827 0.5 0.2493
354559698 0.5 0.4995
30465086 0.5 0.4995
257406815 0.5 0.749
766872187 0.5 0.4995
766872184 0.5 0.4995
2851473 0.5 0.2493
903472 0.5 0.4995
372620589 0.5 0.4995
766872189 0.5 0.4995
907398 0.5 0.4995
1306117 0.5 0.4995
3324426079 0.5 0.4995
1436731027 0.5 0.2493
907396 0.5 0.4995
257405937 0.5 0.749
1931802832 0.5 0.2493
1271358 0.5 0.4995
257503347 0.5 0.749
74079298 0.5 0.2493
31031758 0.5 0.2493
31031759 0.5 0.2493
1429206925 0.5 0.2493
1335781 0.5 0.4995
1335782 0.5 0.2493
1335783 0.5 0.4995
1335688 0.5 0.4995
226149974 0.5 0.2493
8055722 0.5 0.4995
679412248 0.5 0.749
46887796 0.5 0.2493
564444462 0.5 0.1241
8055723 0.5 0.4995
317495530 0.5 0.749
30789283 0.5 0.2493
705651 0.5 0.4995
1271684 0.5 0.4995
705652 0.5 0.4995
1271683 0.5 0.4995
1271681 0.5 0.4995
294940454 0.5 0.2493
705658 0.5 0.4995
294940456 0.5 0.2493
294940450 0.5 0.2493
257347073 0.5 0.749
1271688 0.5 0.2493
336025296 0.5 0.2493
4027200724 0.25 0.2498
854785932 0.5 0.4995
227417874 0.5 0.4995
2198001960 0.5 0.4995
4802146889 1.0 1.0
294973335 0.5 0.2493
336038648 0.5 0.03085
1438244924 0.5 0.4995
38295436 0.5 0.2493
2279507394 0.5 0.2493
1390736743 0.25 0.2498
1095263 0.5 0.2493
17194381 0.5 0.4995
30787958 0.5 0.2493
4259822547 0.5 0.749
2678068039 0.5 0.4995
903394 0.5 0.4995
1325058 0.5 0.4995
1343784 0.5 0.4995
336038842 0.5 0.2493
903398 0.5 0.4995
903399 0.5 0.4995
329144835 0.5 0.4995
348769060 0.5 0.4995
1303463 0.5 0.4995
1270081 0.5 0.2493
1269279 0.5 0.4995
257504349 0.5 0.2493
257504348 0.5 0.2493
5411731657 0.5 0.4995
1272025 0.5 0.4995
1436344568 0.5 0.4995
1272653 0.5 0.4995
331141765 0.5 0.2493
4279755 0.5 0.2493
4302116534 0.5 0.4995
317488704 0.5 0.749
317488701 0.5 0.749
1267381 0.5 0.4995
288775343 0.5 0.2493
317488702 0.5 0.749
10023067 0.5 0.4995
129387985 0.5 0.2493
4802514053 1.0 1.0
317469454 0.5 0.749
2888553260 0.5 0.4995
257337062 0.5 0.749
257337060 0.5 0.2493
257337061 0.5 0.749
38682800 0.5 0.2493
294855040 0.5 0.2493
4820217961 1.0 1.0
2107039483 0.5 0.4995
227417654 0.5 0.4995
1602427161 0.5 0.4995
5942513693 0.5 0.2493
30788622 0.5 0.2493
30788623 0.5 0.2493
2787277392 0.5 0.4995
3719632406 0.5 0.2493
351627512 0.5 0.4995
2823481911 0.5 0.2493
3349159819 0.5 0.4995
3522423658 0.5 0.2493
4100268983 0.5 0.4995
719863481 0.5 0.749
317488611 0.5 0.749
431086639 0.5 0.4995
257412111 0.5 0.749
567483417 0.5 0.4995
3813002360 0.5 0.749
4304177436 0.5 0.4995
56895652 0.5 0.2493
38712723 0.5 0.2493
4154190975 0.5 0.4995
1436464174 0.5 0.4995
3324393436 0.5 0.2493
4478628828 0.5 0.4995
288944732 0.5 0.2493
350741985 0.5 0.2493
227418843 0.5 0.4995
1436306605 0.5 0.4995
1436667056 0.5 0.4995
60921873 0.5 0.4995
564496339 0.5 0.4995
2851881 0.5 0.2493
257500333 0.5 0.2493
4304106559 0.5 0.4995
257500335 0.5 0.2493
4820243843 1.0 1.0
3004431774 0.5 0.4995
2644264466 0.5 0.2493
3992117001 0.5 0.4995
2601040900 0.5 0.4995
294816857 0.5 0.2493
294816858 0.5 0.2493
294816859 0.5 0.2493
257388720 0.5 0.749
1273853 0.5 0.4995
376216825 0.5 0.4995
1273854 0.5 0.4995
32084088 0.5 0.2493
294771535 0.5 0.2493
2597181568 0.5 0.4995
6567482 0.5 0.4995
1096513 0.5 0.2493
1093201 0.5 0.2493
294771538 0.5 0.2493
772669200 0.5 0.4995
277452021 0.5 0.2493
4820187800 1.0 1.0
4820181362 1.0 1.0
1274988 0.5 0.4995
3583723625 0.5 0.4995
4820058940 1.0 1.0
4820058941 1.0 1.0
336037225 0.5 0.2493
4820358128 1.0 1.0
4469366776 0.5 0.4995
484559319 0.5 0.2493
1335150 0.5 0.2493
850524433 0.5 0.749
1227601759 0.5 0.749
418697 0.5 0.4995
418695 0.5 0.4995
5353651451 0.5 0.4995
336026163 0.5 0.2493
418690 0.5 0.4995
336026161 0.5 0.2493
336025462 0.5 0.2493
336025463 0.5 0.2493
336025460 0.5 0.2493
185072610 0.5 0.4995
4820133029 1.0 1.0
602901133 0.5 0.4995
4820309854 1.0 1.0
3631285943 0.25 0.2498
4820074200 1.0 1.0
3631105600 0.25 0.2498
4820097048 1.0 1.0
317496444 0.5 0.749
31073418 0.5 0.2493
1269719 0.5 0.4995
1269715 0.5 0.4995
1270312 0.5 0.4995
478288475 0.5 0.4995
272868975 0.5 0.749
1270317 0.5 0.2493
1270315 0.5 0.4995
705823 0.5 0.4995
4134845605 0.5 0.4995
216976230 0.5 0.4995
3362438527 0.5 0.2493
257395871 0.5 0.749
1437146685 0.5 0.4995
4820175223 1.0 1.0
6565312 0.5 0.4995
6565311 0.5 0.4995
353713140 0.5 0.4995
765966 0.5 0.1241
463420440 0.5 0.2493
1429210828 0.5 0.4995
257502208 0.5 0.749
17627159 0.5 0.4995
595677 0.5 0.4995
595672 0.5 0.4995
2031891200 0.5 0.4995
2538312 0.5 0.4995
294995400 0.5 0.2493
711661 0.5 0.2493
1436700266 0.5 0.2493
711665 0.5 0.4995
854309544 0.5 0.4995
2607333718 0.5 0.4995
4820204870 1.0 1.0
38743463 0.5 0.1241
3933346945 0.5 0.2493
1469549070 0.5 0.2493
4820310861 1.0 1.0
1270768 0.5 0.4995
1270769 0.5 0.4995
18000683 0.5 0.2493
672316 0.5 0.4995
4043124013 0.5 0.4995
478320024 0.5 0.4995
1340283 0.5 0.2493
1340285 0.5 0.2493
1270767 0.5 0.2493
501449681 0.5 0.4995
351642433 0.5 0.4995
5796432 0.5 0.2493
351642434 0.5 0.4995
6891495 0.5 0.4995
1221110463 0.5 0.4995
708509191 0.5 0.4995
662381 0.5 0.4995
400427102 0.5 0.2493
4303317706 0.5 0.4995
1102404250 0.5 0.4995
6640103 0.5 0.4995
257405899 0.5 0.749
451320140 0.5 0.4995
4820031077 1.0 1.0
9837664 0.5 0.4995
567383 0.5 0.4995
567382 0.5 0.4995
255718233 0.5 0.2493
182198385 0.5 0.4995
351662267 0.5 0.4995
759594512 0.5 0.749
294847209 0.5 0.2493
32085456 0.5 0.2493
628339360 0.5 0.749
1272668 0.5 0.4995
1034791 0.5 0.4995
3250238658 0.5 0.4995
2056419541 0.5 0.2493
672409 0.5 0.4995
1034794 0.5 0.4995
2106709501 0.5 0.4995
4820096878 1.0 1.0
1271529 0.5 0.4995
1338880 0.5 0.4995
4477598268 0.5 0.4995
924389085 0.5 0.4995
257405090 0.5 0.749
207833376 0.5 0.2493
207833377 0.5 0.2493
1160739267 0.5 0.4995
447590290 0.5 0.2493
660385 0.5 0.4995
4441731036 0.5 0.4995
660389 0.5 0.4995
3624119053 0.5 0.2493
30789498 0.5 0.2493
6087718021 1.0 1.0
2595374784 0.5 0.4995
3463381698 0.5 0.4995
1273032 0.5 0.4995
4142563304 0.5 0.4995
1273030 0.5 0.4995
7777953 0.5 0.4995
30789496 0.5 0.2493
30789497 0.5 0.2493
1093007 0.5 0.2493
4820076161 1.0 1.0
17504642 0.5 0.4995
4819956898 1.0 1.0
564444639 0.5 0.2493
82786894 0.5 0.2493
317471620 0.5 0.749
317471625 0.5 0.749
638356 0.5 0.4995
336053720 0.5 0.2493
336053721 0.5 0.2493
38731990 0.5 0.2493
3938707383 0.5 0.4995
227419172 0.5 0.4995
336033887 0.5 0.2493
317788119 0.5 0.749
1436372959 0.5 0.4995
294771706 0.5 0.2493
449889336 0.5 0.749
4302174857 0.5 0.4995
1978915660 0.5 0.4995
39388592 0.5 0.4995
1334665910 0.5 0.4995
431889870 0.5 0.4995
4302787106 0.5 0.4995
4302787105 0.5 0.4995
612842231 0.5 0.4995
1301635 0.5 0.4995
5782215 0.5 0.2493
30594572 0.5 0.4995
410834443 0.5 0.2493
410743968 0.5 0.2493
284738150 0.5 0.2493
351614546 0.5 0.4995
351614547 0.5 0.4995
5128031787 1.0 1.0
351614545 0.5 0.4995
3143806165 0.5 0.2493
351614541 0.5 0.4995
5256972039 0.5 0.4995
329036777 0.5 0.749
155470766 0.5 0.4995
231500289 0.5 0.2493
4820102555 1.0 1.0
257498565 0.5 0.2493
257498566 0.5 0.2493
17560833 0.5 0.4995
4479623702 0.5 0.4995
4486481119 0.5 0.4995
257340437 0.5 0.749
257340435 0.5 0.2493
538967006 0.5 0.4995
3487704509 0.5 0.4995
317484444 0.5 0.749
351607178 0.5 0.4995
2347628320 0.5 0.2493
352483733 0.5 0.4995
418532934 0.5 0.4995
294908882 0.5 0.2493
2357789152 0.5 0.2493
3144201897 0.5 0.4995
305386981 0.5 0.2493
1093911 0.5 0.2493
610008127 0.5 0.4995
1275068 0.5 0.4995
6897117 0.5 0.4995
351660525 0.5 0.4995
257338300 0.5 0.2493
257338301 0.5 0.749
3811222989 0.5 0.2493
643114551 0.5 0.4995
1436561135 0.5 0.2493
38713354 0.5 0.2493
257335586 0.5 0.749
351640122 0.5 0.4995
4304041727 0.5 0.4995
6567493 0.5 0.4995
3231187250 0.5 0.4995
6567813 0.5 0.4995
6567816 0.5 0.4995
6567817 0.5 0.4995
6567814 0.5 0.4995
6567815 0.5 0.4995
3362744071 0.5 0.4995
336030282 0.5 0.2493
336030283 0.5 0.2493
451286154 0.5 0.2493
336030287 0.5 0.2493
329248300 0.5 0.4995
284758108 0.5 0.4995
711478 0.5 0.4995
336037235 0.5 0.2493
431072950 0.5 0.4995
1199403944 0.5 0.4995
711477 0.5 0.4995
3829174 0.5 0.2493
1335148 0.5 0.2493
567604 0.5 0.4995
431054159 0.5 0.4995
567601 0.5 0.4995
345305735 0.5 0.749
1436307547 0.5 0.4995
317489268 0.5 0.749
3550318713 0.5 0.4995
4802146986 1.0 1.0
3983568629 0.5 0.4995
336026158 0.5 0.2493
788286790 0.5 0.4995
3938682457 0.5 0.2493
1436808502 0.5 0.2493
333938908 0.5 0.2493
4816607231 0.5 0.4995
449612510 0.5 0.1241
1444262890 0.5 0.2493
308516669 0.5 0.4995
4134342593 0.5 0.4995
97964605 0.5 0.4995
4303333558 0.5 0.4995
563634772 0.5 0.2493
1429845358 0.5 0.2493
336055764 0.5 0.2493
336055762 0.5 0.2493
336055763 0.5 0.2493
1274338 0.5 0.4995
2671641135 0.5 0.4995
1188882382 0.5 0.2493
797798348 0.5 0.4995
4304136776 0.5 0.4995
63683748 0.5 0.2493
63702754 0.5 0.2493
4304841381 0.5 0.4995
4304847727 0.5 0.4995
294772554 0.5 0.2493
3002780374 0.5 0.4995
4217769379 0.5 0.4995
38653599 0.5 0.2493
329139490 0.5 0.4995
38713774 0.5 0.2493
3128230631 0.5 0.2493
207794549 0.5 0.4995
1271376 0.5 0.4995
1274255 0.5 0.4995
2274709005 0.5 0.2493
1271373 0.5 0.4995
257333322 0.5 0.2493
2097421225 0.5 0.4995
5771779 0.5 0.2493
5771778 0.5 0.2493
317497246 0.5 0.749
317497247 0.5 0.2493
1224944304 0.5 0.2493
418691 0.5 0.4995
1807208 0.5 0.4995
3915158710 0.5 0.4995
4374507184 0.5 0.4995
334158378 0.5 0.2493
1335669724 0.5 0.4995
257395914 0.5 0.749
3602565758 0.5 0.4995
257347056 0.5 0.749
3938722014 0.5 0.4995
3463632642 0.5 0.4995
2567915203 0.25 0.2498
3631294705 0.25 0.2498
228695963 0.5 0.2493
3230943202 0.5 0.2493
1436384408 0.5 0.4995
5015626000 1.0 1.0
1436670898 0.5 0.4995
3689296354 0.5 0.2493
4302157883 0.5 0.4995
46295811 0.5 0.4995
2898931658 0.5 0.4995
16917773 0.5 0.2493
2887932822 0.5 0.4995
16917776 0.5 0.2493
400426654 0.5 0.2493
1438160913 0.5 0.2493
6566769 0.5 0.4995
1436342971 0.5 0.4995
5918146152 0.5 0.2493
363694326 0.5 0.4995
3312314844 0.5 0.2493
902882 0.5 0.4995
32058404 0.5 0.2493
3863382395 0.5 0.2493
4820317884 1.0 1.0
799179809 0.5 0.4995
3201506714 0.5 0.4995
294847212 0.5 0.2493
16914099 0.5 0.4995
400426643 0.5 0.2493
854218205 0.5 0.4995
353790155 0.5 0.4995
4802910787 1.0 1.0
317489994 0.5 0.749
4361029809 0.5 0.4995
1094920 0.5 0.4995
1094921 0.5 0.2493
1094922 0.5 0.2493
2851448 0.5 0.2493
6566813 0.5 0.4995
4477243396 0.5 0.4995
6566760 0.5 0.4995
2851446 0.5 0.2493
3996030501 0.5 0.749
317487383 0.5 0.749
8053586 0.5 0.4995
8053587 0.5 0.4995
8053584 0.5 0.4995
8053585 0.5 0.4995
8053582 0.5 0.4995
8053581 0.5 0.4995
288775363 0.5 0.2493
336052804 0.5 0.2493
4874102959 1.0 1.0
5781488 0.5 0.2493
1807068 0.5 0.4995
351636680 0.5 0.4995
167553463 0.5 0.2493
642079627 0.5 0.749
438809565 0.5 0.749
2031585951 0.5 0.749
3683006555 0.5 0.749
6608770 0.5 0.4995
376362775 0.5 0.2493
38755312 0.5 0.2493
4303308944 0.5 0.4995
486711 0.5 0.4995
539348784 0.5 0.4995
228714312 0.5 0.2493
4820131087 1.0 1.0
226252471 0.5 0.2493
38751851 0.5 0.2493
2596104845 0.5 0.4995
351627576 0.5 0.4995
1436373142 0.5 0.4995
7201081 0.5 0.4995
3081201019 0.5 0.4995
4550520892 0.5 0.749
38649478 0.5 0.2493
3829903 0.5 0.2493
4302089066 0.5 0.4995
2863625659 0.5 0.2493
3890484252 0.5 0.4995
5781221 0.5 0.2493
228617662 0.5 0.2493
539122187 0.5 0.749
280277421 0.5 0.4995
280277422 0.5 0.4995
905284 0.5 0.4995
6639218 0.5 0.4995
4304152435 0.5 0.4995
5497143954 0.5 0.4995
6607990 0.5 0.4995
1825029463 0.5 0.4995
3314344668 0.5 0.4995
351607164 0.5 0.4995
351607165 0.5 0.4995
38667249 0.5 0.2493
4820338068 1.0 1.0
351607161 0.5 0.4995
351607162 0.5 0.4995
351607163 0.5 0.4995
1436514925 0.5 0.4995
4302668637 0.5 0.4995
4164472776 0.5 0.749
4477458156 0.5 0.4995
902401 0.5 0.4995
336055579 0.5 0.2493
63686381 0.5 0.2493
2196838917 0.5 0.4995
257498613 0.5 0.2493
636079607 0.5 0.749
1443488089 0.5 0.2493
491787437 0.5 0.4995
1808649761 0.5 0.2493
309463631 0.5 0.4995
336071723 0.5 0.2493
906890 0.5 0.4995
1436493757 0.5 0.2493
17167220 0.5 0.2493
350588109 0.5 0.4995
2912444829 0.5 0.4995
4802043170 1.0 1.0
227434848 0.5 0.4995
3938731329 0.5 0.4995
38742360 0.5 0.2493
1335133 0.5 0.2493
1335132 0.5 0.2493
38712966 0.5 0.2493
38691507 0.5 0.2493
708498702 0.5 0.4995
564497886 0.5 0.4995
766873286 0.5 0.4995
766873287 0.5 0.4995
38647038 0.5 0.2493
332422721 0.5 0.2493
1436688757 0.5 0.4995
1697625 0.5 0.4995
1697626 0.5 0.4995
284757847 0.5 0.4995
1436490908 0.5 0.4995
257338689 0.5 0.2493
4802098790 1.0 1.0
4660680769 0.5 0.4995
63619234 0.5 0.2493
4820096260 1.0 1.0
4304773033 0.5 0.4995
284757848 0.5 0.4995
956332103 0.5 0.4995
351634467 0.5 0.4995
359917103 0.5 0.2493
4476423720 0.5 0.4995
8055720 0.5 0.4995
8055721 0.5 0.4995
359917104 0.5 0.2493
359917105 0.5 0.2493
294934176 0.5 0.2493
294934177 0.5 0.2493
5401869673 0.5 0.4995
2596402168 0.5 0.4995
336025846 0.5 0.2493
717762 0.5 0.4995
717763 0.5 0.4995
3996029554 0.5 0.2493
63672652 0.5 0.2493
478267543 0.5 0.4995
4441763293 0.5 0.4995
317497248 0.5 0.2493
487548 0.5 0.4995
6608763 0.5 0.4995
711391 0.5 0.4995
711390 0.5 0.4995
1267993 0.5 0.4995
487545 0.5 0.4995
208016337 0.5 0.4995
487541 0.5 0.4995
3585557842 0.5 0.4995
907450 0.5 0.4995
1336006 0.5 0.4995
30790116 0.5 0.2493
30790115 0.5 0.2493
30790114 0.5 0.2493
30790113 0.5 0.2493
30790112 0.5 0.2493
30790111 0.5 0.2493
30790110 0.5 0.2493
82731000 0.5 0.2493
711646 0.5 0.4995
8055070 0.5 0.4995
227436294 0.5 0.4995
351612258 0.5 0.4995
317275070 0.5 0.2493
4817603466 1.0 1.0
2605466924 0.5 0.4995
6565205 0.5 0.4995
305376351 0.5 0.2493
4019849526 0.5 0.4995
376240400 0.5 0.4995
988699 0.5 0.4995
181833333 0.5 0.4995
4304842826 0.5 0.4995
305372859 0.5 0.2493
4303871699 0.5 0.4995
4874535772 1.0 1.0
1962383516 0.5 0.4995
4820185434 1.0 1.0
207802307 0.5 0.4995
1694802 0.5 0.4995
257337213 0.5 0.749
1436480608 0.5 0.4995
2372872938 0.5 0.4995
665484 0.5 0.4995
766872157 0.5 0.4995
2568523361 0.5 0.4995
3338125788 0.5 0.4995
294793992 0.5 0.2493
294793990 0.5 0.2493
207834076 0.5 0.2493
1436491870 0.5 0.4995
257409864 0.5 0.749
1439223410 0.5 0.2493
3868878023 0.5 0.2493
1224604060 0.5 0.4995
2055297956 0.5 0.2493
617369746 0.5 0.4995
4469994137 0.5 0.4995
672429 0.5 0.4995
672428 0.5 0.4995
284786938 0.5 0.4995
284786939 0.5 0.4995
4820910848 1.0 1.0
257408598 0.5 0.749
7819709 0.5 0.4995
7819708 0.5 0.4995
369721705 0.5 0.749
16914090 0.5 0.4995
16914092 0.5 0.4995
376362776 0.5 0.2493
637361876 0.5 0.4995
317486393 0.5 0.2493
38655780 0.5 0.2493
1439829698 0.5 0.2493
284800573 0.5 0.2493
257351351 0.5 0.749
370138454 0.5 0.2493
4302750359 0.5 0.4995
4475868292 0.5 0.4995
4918973379 0.5 0.2493
3681212854 0.5 0.2493
1807072 0.5 0.4995
1227286783 0.5 0.4995
257388708 0.5 0.749
486707 0.5 0.4995
486703 0.5 0.4995
2514787991 0.5 0.749
2358222040 0.25 0.2498
672518 0.5 0.4995
317471607 0.5 0.749
4476068249 0.5 0.4995
430451198 0.5 0.4995
227323214 0.5 0.4995
4469370329 0.5 0.4995
3416612140 0.5 0.749
2607586589 0.5 0.4995
38749482 0.5 0.2493
486961 0.5 0.4995
2099324112 0.5 0.4995
1340742 0.5 0.4995
6038435654 0.5 0.4995
4346466101 0.5 0.4995
336068437 0.5 0.2493
3181246017 0.5 0.749
1273494 0.5 0.4995
336036920 0.5 0.2493
3550179949 0.5 0.4995
4469203363 0.5 0.4995
1987457554 0.5 0.4995
1301964 0.5 0.4995
1436784363 0.5 0.4995
4802498578 1.0 1.0
6570709 0.5 0.4995
5476776856 0.5 0.2493
4196289406 0.5 0.2493
294854999 0.5 0.2493
294854998 0.5 0.2493
38668566 0.5 0.2493
351650064 0.5 0.4995
351650066 0.5 0.4995
294854993 0.5 0.2493
16931047 0.5 0.2493
317487841 0.5 0.749
351650062 0.5 0.4995
711008 0.5 0.4995
3828990 0.5 0.2493
430161983 0.5 0.749
3938686532 0.5 0.4995
6566785 0.5 0.4995
6566784 0.5 0.4995
6566786 0.5 0.4995
6566781 0.5 0.4995
6566783 0.5 0.4995
6566782 0.5 0.4995
3349567885 0.5 0.4995
766873227 0.5 0.4995
6566789 0.5 0.4995
38667250 0.5 0.2493
337874048 0.5 0.2493
4094658952 0.5 0.4995
181811372 0.5 0.4995
2577461316 0.5 0.4995
4820095760 1.0 1.0
257498609 0.5 0.2493
4217903355 0.5 0.4995
4820201363 1.0 1.0
4820350140 1.0 1.0
3681391347 0.5 0.4995
4821123539 1.0 1.0
257410942 0.5 0.749
448762348 0.5 0.4995
1340562 0.5 0.2493
38691774 0.5 0.2493
929692429 0.5 0.4995
61730926 0.5 0.2493
38690821 0.5 0.2493
3938877552 0.5 0.2493
766861937 0.5 0.4995
4820059440 1.0 1.0
336037257 0.5 0.2493
38664350 0.5 0.2493
2097788460 0.5 0.4995
1437037104 0.5 0.4995
4874547573 1.0 1.0
17503804 0.5 0.4995
17503805 0.5 0.4995
17503800 0.5 0.4995
1269936 0.5 0.4995
351638140 0.5 0.4995
351638141 0.5 0.4995
4302672378 0.5 0.4995
1301962 0.5 0.4995
7258608 0.5 0.4995
2707423112 0.5 0.4995
474111340 0.5 0.2493
2568167487 0.5 0.2493
1429193383 0.5 0.4995
2853955965 0.5 0.4995
350027878 0.5 0.4995
3584822123 0.5 0.4995
431045485 0.5 0.4995
379076362 0.5 0.4995
6567823 0.5 0.4995
1806789590 0.5 0.2493
16970346 0.5 0.4995
3878482705 0.5 0.2493
8055716 0.5 0.4995
332565348 0.5 0.2493
8055718 0.5 0.4995
4304783715 0.5 0.4995
6641575 0.5 0.4995
6641577 0.5 0.4995
2850405 0.5 0.2493
2850406 0.5 0.2493
2850407 0.5 0.2493
1436331297 0.5 0.4995
257338104 0.5 0.749
1335773 0.5 0.2493
907930 0.5 0.4995
3852981330 0.5 0.2493
257333308 0.5 0.2493
351618701 0.5 0.4995
6641711 0.5 0.4995
6641712 0.5 0.4995
6641713 0.5 0.4995
6641714 0.5 0.4995
38637390 0.5 0.2493
424201240 0.5 0.4995
1271316 0.5 0.4995
1274238 0.5 0.4995
1199736176 0.5 0.2493
3996081417 0.5 0.4995
1436331127 0.5 0.4995
1095053 0.5 0.2493
1095052 0.5 0.4995
1095050 0.5 0.2493
7712396 0.5 0.4995
3895772176 0.5 0.4995
7712392 0.5 0.4995
2851625 0.5 0.2493
1271117 0.5 0.4995
4194484185 0.5 0.4995
351622872 0.5 0.4995
4547281317 0.5 0.749
38749758 0.5 0.2493
351622877 0.5 0.4995
4820138803 1.0 1.0
3946325889 0.5 0.2493
351650065 0.5 0.4995
284739141 0.5 0.4995
284739140 0.5 0.2493
704494502 0.5 0.4995
1436467422 0.5 0.4995
2888897961 0.5 0.2493
9821149 0.5 0.4995
336038608 0.5 0.2493
305376837 0.5 0.2493
305376835 0.5 0.2493
798595224 0.5 0.2493
305376838 0.5 0.2493
305376839 0.5 0.2493
32062230 0.5 0.2493
484017787 0.5 0.4995
4302831885 0.5 0.4995
5781854 0.5 0.2493
766872143 0.5 0.4995
4802503736 1.0 1.0
766872141 0.5 0.4995
257409859 0.5 0.2493
740836276 0.5 0.4995
336068227 0.5 0.2493
1315211 0.5 0.4995
336068225 0.5 0.2493
1436370167 0.5 0.4995
294980943 0.5 0.2493
1436335604 0.5 0.2493
38661960 0.5 0.2493
5781934 0.5 0.2493
2441174400 0.5 0.749
257501966 0.5 0.2493
903358 0.5 0.4995
672296 0.5 0.4995
373176896 0.5 0.4995
329144874 0.5 0.2493
2380601017 0.5 0.2493
4476549437 0.5 0.4995
1338631 0.5 0.4995
1338630 0.5 0.4995
4802476989 1.0 1.0
1094900 0.5 0.4995
225993624 0.5 0.4995
4820348032 1.0 1.0
1339585 0.5 0.4995
3766808606 0.5 0.2493
3938737194 0.5 0.2493
3936060 0.5 0.4995
1331759 0.5 0.4995
4302223220 0.5 0.4995
336038976 0.5 0.2493
317504832 0.5 0.749
317484464 0.5 0.749
11614142 0.5 0.4995
257500364 0.5 0.2493
855743221 0.5 0.4995
257347091 0.5 0.749
4820156549 1.0 1.0
336039008 0.5 0.2493
2357829805 0.5 0.2493
274869113 0.5 0.2493
5568138632 0.5 0.4995
4802478358 1.0 1.0
369002391 0.5 0.2493
1436333767 0.5 0.4995
1093649 0.5 0.2493
5477962215 0.5 0.2493
4516023785 0.5 0.4995
2100085762 0.5 0.4995
3829928 0.5 0.2493
38708762 0.5 0.2493
84868701 0.5 0.2493
257412150 0.5 0.749
1126217381 0.5 0.4995
336074223 0.5 0.2493
294847186 0.5 0.2493
336073906 0.5 0.2493
4238486128 0.5 0.749
351648206 0.5 0.4995
32079278 0.5 0.2493
32079279 0.5 0.2493
699749452 0.5 0.4995
4820226557 1.0 1.0
1271880 0.5 0.4995
3241168570 0.5 0.749
4304980423 0.5 0.4995
1271884 0.5 0.4995
227418436 0.5 0.4995
208981978 0.5 0.4995
4478536580 0.5 0.4995
410740576 0.5 0.2493
7247489 0.5 0.4995
257336959 0.5 0.749
257336958 0.5 0.749
294872324 0.5 0.2493
3738987584 0.5 0.4995
379066194 0.5 0.4995
1343516 0.5 0.4995
1273811 0.5 0.4995
1391014532 0.25 0.2498
257406724 0.5 0.749
164153609 0.5 0.2493
4477664024 0.5 0.4995
1442994745 0.5 0.4995
346908964 0.5 0.749
8631326 0.5 0.4995
965473 0.5 0.4995
1437807470 0.5 0.4995
38742345 0.5 0.2493
3422299841 0.5 0.4995
462096073 0.5 0.2493
431050290 0.5 0.4995
682268 0.5 0.4995
379068567 0.5 0.749
4352489679 0.5 0.4995
934696839 0.5 0.4995
4820108770 1.0 1.0
336066867 0.5 0.2493
2851266 0.5 0.2493
2851265 0.5 0.2493
3365706711 0.5 0.4995
4486474265 0.5 0.4995
3233509240 0.5 0.2493
1439159152 0.5 0.2493
16916962 0.5 0.2493
3202745362 0.5 0.749
16916961 0.5 0.2493
3760329943 0.5 0.4995
4820091923 1.0 1.0
4820091924 1.0 1.0
2752321820 0.5 0.4995
8055708 0.5 0.4995
8055709 0.5 0.4995
8055706 0.5 0.4995
8055707 0.5 0.4995
8055704 0.5 0.4995
8055702 0.5 0.2493
6568288 0.5 0.4995
8055701 0.5 0.4995
227418074 0.5 0.4995
6641549 0.5 0.4995
6641548 0.5 0.4995
294934356 0.5 0.2493
6641547 0.5 0.4995
2850436 0.5 0.2493
1436293720 0.5 0.2493
336047640 0.5 0.2493
336047646 0.5 0.2493
336047647 0.5 0.2493
317504350 0.5 0.749
2893930277 0.5 0.4995
2893685736 0.5 0.2493
4820137231 1.0 1.0
3337872170 0.25 0.2498
6565048 0.5 0.4995
6565047 0.5 0.4995
6565044 0.5 0.4995
6565042 0.5 0.4995
6565041 0.5 0.4995
765928 0.5 0.4995
351640930 0.5 0.4995
351640936 0.5 0.4995
376329103 0.5 0.4995
257333178 0.5 0.2493
257334448 0.5 0.749
765926 0.5 0.4995
1095518 0.5 0.2493
770714 0.5 0.4995
3349885670 0.5 0.749
770712 0.5 0.4995
2072489014 0.5 0.4995
2274746227 0.5 0.2493
6639226 0.5 0.4995
6639225 0.5 0.4995
1157535673 0.5 0.4995
5792767 0.5 0.2493
6639220 0.5 0.4995
257333177 0.5 0.2493
3648243342 0.5 0.4995
97922775 0.5 0.4995
97922774 0.5 0.4995
4820136369 1.0 1.0
97922776 0.5 0.4995
564481798 0.5 0.4995
4477658597 0.5 0.4995
400946071 0.5 0.2493
4820185414 1.0 1.0
1436490456 0.5 0.4995
1094240 0.5 0.4995
4820248525 1.0 1.0
16918765 0.5 0.4995
2274325037 0.5 0.2493
1268441 0.5 0.4995
38655812 0.5 0.2493
660410 0.5 0.4995
38737478 0.5 0.2493
6640634 0.5 0.4995
6640635 0.5 0.4995
294935117 0.5 0.2493
6640637 0.5 0.4995
6640630 0.5 0.4995
17503784 0.5 0.4995
6640632 0.5 0.4995
6640633 0.5 0.4995
1979084905 0.5 0.4995
351662227 0.5 0.4995
257409338 0.5 0.749
351662225 0.5 0.4995
38685424 0.5 0.2493
1436484635 0.5 0.4995
56998735 0.5 0.4995
216969439 0.5 0.4995
410721431 0.5 0.2493
929552469 0.5 0.4995
97957296 0.5 0.4995
1695468 0.5 0.4995
1469248915 0.5 0.4995
2954839842 0.5 0.4995
4820239515 1.0 1.0
257503447 0.5 0.749
257503446 0.5 0.749
1095264 0.5 0.2493
30790398 0.5 0.2493
63625892 0.5 0.2493
2522164774 0.5 0.4995
4304146920 0.5 0.4995
38698666 0.5 0.2493
30790395 0.5 0.2493
1095269 0.5 0.2493
30790397 0.5 0.2493
4820362701 1.0 1.0
216968395 0.5 0.4995
5339790150 0.5 0.4995
1303890 0.5 0.4995
344987635 0.5 0.749
1273561 0.5 0.4995
4478494145 0.5 0.4995
257351339 0.5 0.749
3676391813 0.5 0.2493
4303169212 0.5 0.4995
295002675 0.5 0.2493
257336011 0.5 0.749
257336012 0.5 0.749
1651219664 0.5 0.4995
1093041 0.5 0.2493
1215247587 0.5 0.749
84869931 0.5 0.2493
4304728201 0.5 0.4995
1436348392 0.5 0.4995
854729761 0.5 0.4995
295002673 0.5 0.2493
564439425 0.5 0.4995
4820156756 1.0 1.0
182011890 0.5 0.4995
4873940397 1.0 1.0
4820095848 1.0 1.0
431072772 0.5 0.4995
336068147 0.5 0.2493
2781769438 0.5 0.4995
659891037 0.5 0.4995
1335834 0.5 0.2493
346902635 0.5 0.749
2347983157 0.5 0.4995
995212029 0.5 0.4995
866746667 0.5 0.2493
431039337 0.5 0.2493
1436346739 0.5 0.4995
336053503 0.5 0.2493
38698636 0.5 0.2493
938221935 0.5 0.2493
4477402464 0.5 0.4995
938173752 0.5 0.2493
257500744 0.5 0.2493
257500743 0.5 0.2493
257500742 0.5 0.2493
1436373411 0.5 0.4995
708711467 0.5 0.4995
351655565 0.5 0.4995
1272215 0.5 0.4995
1272216 0.5 0.4995
1275537 0.5 0.4995
4995304750 0.5 0.4995
4485991396 0.5 0.4995
6566560 0.5 0.4995
257340277 0.5 0.2493
903653 0.5 0.4995
903652 0.5 0.4995
6566762 0.5 0.4995
317302890 0.5 0.749
317302891 0.5 0.749
317499484 0.5 0.2493
1436530091 0.5 0.4995
4820793366 1.0 1.0
351664198 0.5 0.4995
351664199 0.5 0.4995
4820155405 1.0 1.0
336036419 0.5 0.2493
257348908 0.5 0.749
991330658 0.5 0.4995
17503809 0.5 0.4995
6571217 0.5 0.4995
351664194 0.5 0.4995
1340546 0.5 0.2493
431794719 0.5 0.4995
1340548 0.5 0.4995
257410921 0.5 0.749
38737461 0.5 0.2493
3944922723 0.5 0.4995
3080792811 0.5 0.4995
2381645919 0.5 0.4995
1390896856 0.25 0.2498
351598898 0.5 0.4995
351641566 0.5 0.4995
4469365853 0.5 0.4995
4144523980 0.5 0.4995
431039593 0.5 0.2493
854805938 0.5 0.4995
352504239 0.5 0.4995
614114258 0.5 0.4995
227397838 0.5 0.4995
446185218 0.5 0.2493
1436299449 0.5 0.2493
5782831 0.5 0.2493
227397835 0.5 0.4995
4469822405 0.5 0.4995
1436323792 0.5 0.4995
4100213442 0.5 0.4995
16917836 0.5 0.2493
257346435 0.5 0.749
2054974398 0.5 0.2493
16917835 0.5 0.2493
491474377 0.5 0.4995
3681741920 0.5 0.2493
3338579772 0.5 0.4995
257340125 0.5 0.2493
32085540 0.5 0.2493
317808444 0.5 0.749
421574 0.5 0.4995
421571 0.5 0.4995
38657749 0.5 0.2493
4820096543 1.0 1.0
421578 0.5 0.4995
2850427 0.5 0.2493
2850420 0.5 0.2493
2850421 0.5 0.2493
1691553 0.5 0.4995
317472670 0.5 0.749
3996026271 0.5 0.4995
3858945898 0.5 0.2493
317472674 0.5 0.749
956430987 0.5 0.4995
418561 0.5 0.4995
1391350902 0.5 0.4995
257334320 0.5 0.749
257334321 0.5 0.749
257334322 0.5 0.749
257334323 0.5 0.749
1629639482 0.5 0.4995
38637371 0.5 0.2493
38637370 0.5 0.2493
907481 0.5 0.4995
4631874509 0.5 0.4995
200461284 0.5 0.4995
336047452 0.5 0.2493
257503325 0.5 0.749
351639945 0.5 0.4995
17004853 0.5 0.4995
8343395 0.5 0.4995
1322469 0.5 0.4995
3890652320 0.5 0.4995
376328443 0.5 0.4995
1274214 0.5 0.4995
294827215 0.5 0.2493
1270278 0.5 0.4995
1390840508 0.25 0.2498
2113526691 0.5 0.4995
491746440 0.5 0.749
353717987 0.5 0.4995
182193405 0.5 0.2493
231507855 0.5 0.2493
7746738 0.5 0.4995
1429179595 0.5 0.4995
5782232 0.5 0.2493
4478549581 0.5 0.4995
3571391409 0.5 0.4995
6639239 0.5 0.4995
4083029548 0.5 0.749
2055036133 0.5 0.2493
4478522184 0.5 0.4995
4477658298 0.5 0.4995
38656106 0.5 0.2493
484509737 0.5 0.2493
257395954 0.5 0.749
17503684 0.5 0.4995
1269850 0.5 0.4995
5781874 0.5 0.2493
6567848 0.5 0.4995
605282839 0.5 0.2493
431870145 0.5 0.4995
1335498 0.5 0.4995
3230899591 0.5 0.4995
1335495 0.5 0.4995
257409835 0.5 0.749
16917224 0.5 0.2493
257409836 0.5 0.749
16917222 0.5 0.2493
336058886 0.5 0.2493
336074324 0.5 0.2493
336061596 0.5 0.2493
5115314188 1.0 1.0
317508471 0.5 0.749
1807149354 0.5 0.2493
1338615 0.5 0.4995
4802150882 1.0 1.0
988790 0.5 0.4995
317488460 0.5 0.749
294492088 0.5 0.2493
1303406 0.5 0.4995
1303405 0.5 0.4995
705724 0.5 0.4995
38744729 0.5 0.2493
3545370758 0.5 0.4995
3338562320 0.5 0.4995
82754886 0.5 0.2493
1269397 0.5 0.4995
317495599 0.5 0.749
207833103 0.5 0.2493
82719016 0.5 0.2493
1338611 0.5 0.4995
1338610 0.5 0.4995
1338612 0.5 0.4995
